JOBS 10
MACHINES 35
29 1 180 2 900 3 30 4 300 5 10 6 20 7 30 8 400 9 10 10 20 11 30 12 900 13 10 14 20 15 30 20 3600 21 10 22 20 23 30 24 1500 25 10 26 20 27 30 28 600 29 180 30 600 31 60 32 60 33 60
29 1 180 2 900 3 30 4 300 5 10 6 20 7 30 8 400 9 10 10 20 11 30 12 900 13 10 14 20 15 30 20 3600 21 10 22 20 23 30 24 1500 25 10 26 20 27 30 28 600 29 180 30 600 31 60 32 60 33 60
29 1 180 2 900 3 30 4 300 5 10 6 20 7 30 8 400 9 10 10 20 11 30 12 900 13 10 14 20 15 30 20 3600 21 10 22 20 23 30 24 1500 25 10 26 20 27 30 28 600 29 180 30 600 31 60 32 60 33 60
29 1 180 2 900 3 30 4 300 5 10 6 20 7 30 8 400 9 10 10 20 11 30 12 900 13 10 14 20 15 30 20 3600 21 10 22 20 23 30 24 1500 25 10 26 20 27 30 28 600 29 180 30 600 31 60 32 60 33 60
25 1 180 2 900 3 30 4 300 5 10 6 20 7 30 8 400 9 10 10 20 11 30 20 3600 21 10 22 20 23 30 24 1500 25 10 26 20 27 30 28 600 29 180 30 600 31 60 32 60 33 60
25 1 180 2 900 3 30 4 300 5 10 6 20 7 30 8 400 9 10 10 20 11 30 20 3600 21 10 22 20 23 30 24 1500 25 10 26 20 27 30 28 600 29 180 30 600 31 60 32 60 33 60
29 1 180 2 900 3 30 4 300 5 10 6 20 7 30 8 400 9 10 10 20 11 30 16 900 17 10 18 20 19 30 20 3600 21 10 22 20 23 30 24 1500 25 10 26 20 27 30 28 600 29 180 30 600 31 60 32 60 33 60
21 1 180 2 900 3 30 4 300 5 10 6 20 7 30 8 400 9 10 10 20 11 30 20 3600 21 10 22 20 23 30 28 600 29 180 30 600 31 60 32 60 33 60
21 1 180 2 900 3 30 4 300 5 10 6 20 7 30 8 400 9 10 10 20 11 30 20 3600 21 10 22 20 23 30 28 600 29 180 30 600 31 60 32 60 33 60
29 1 180 2 900 3 30 4 300 5 10 6 20 7 30 8 400 9 10 10 20 11 30 16 900 17 10 18 20 19 30 20 600 21 10 22 20 23 30 24 2500 25 10 26 20 27 30 28 600 29 180 30 600 31 60 32 60 33 60
