JOBS 60
MACHINES 35
CAPACITIES 20 1 2 1 1 1 1 1 1 1 1 1 2 1 1 1 1 1 1 1 6 1 1 1 3 1 1 1 3 1 3 1 1 1 10
BLOCKING true
31 0 0 inf 1 180 inf 2 900 7200 3 30 inf 4 300 400 5 10 inf 6 20 inf 7 30 inf 8 400 600 9 10 300 10 20 300 11 30 300 12 900 1080 13 10 inf 14 20 inf 15 30 inf 20 3600 3900 21 10 inf 22 20 inf 23 30 inf 24 1500 1680 25 10 300 26 20 300 27 30 300 28 600 720 29 180 inf 30 600 7200 31 60 inf 32 60 inf 33 60 inf 34 0 inf
31 0 0 inf 1 180 inf 2 900 7200 3 30 inf 4 300 400 5 10 inf 6 20 inf 7 30 inf 8 400 600 9 10 300 10 20 300 11 30 300 12 900 1080 13 10 inf 14 20 inf 15 30 inf 20 3600 3900 21 10 inf 22 20 inf 23 30 inf 24 1500 1680 25 10 300 26 20 300 27 30 300 28 600 720 29 180 inf 30 600 7200 31 60 inf 32 60 inf 33 60 inf 34 0 inf
31 0 0 inf 1 180 inf 2 900 7200 3 30 inf 4 300 400 5 10 inf 6 20 inf 7 30 inf 8 400 600 9 10 300 10 20 300 11 30 300 12 900 1080 13 10 inf 14 20 inf 15 30 inf 20 3600 3900 21 10 inf 22 20 inf 23 30 inf 24 1500 1680 25 10 300 26 20 300 27 30 300 28 600 720 29 180 inf 30 600 7200 31 60 inf 32 60 inf 33 60 inf 34 0 inf
31 0 0 inf 1 180 inf 2 900 7200 3 30 inf 4 300 400 5 10 inf 6 20 inf 7 30 inf 8 400 600 9 10 300 10 20 300 11 30 300 12 900 1080 13 10 inf 14 20 inf 15 30 inf 20 3600 3900 21 10 inf 22 20 inf 23 30 inf 24 1500 1680 25 10 300 26 20 300 27 30 300 28 600 720 29 180 inf 30 600 7200 31 60 inf 32 60 inf 33 60 inf 34 0 inf
27 0 0 inf 1 180 inf 2 900 7200 3 30 inf 4 300 400 5 10 inf 6 20 inf 7 30 inf 8 400 600 9 10 300 10 20 300 11 30 300 20 3600 3900 21 10 inf 22 20 inf 23 30 inf 24 1500 1680 25 10 300 26 20 300 27 30 300 28 600 720 29 180 inf 30 600 7200 31 60 inf 32 60 inf 33 60 inf 34 0 inf
27 0 0 inf 1 180 inf 2 900 7200 3 30 inf 4 300 400 5 10 inf 6 20 inf 7 30 inf 8 400 600 9 10 300 10 20 300 11 30 300 20 3600 3900 21 10 inf 22 20 inf 23 30 inf 24 1500 1680 25 10 300 26 20 300 27 30 300 28 600 720 29 180 inf 30 600 7200 31 60 inf 32 60 inf 33 60 inf 34 0 inf
31 0 0 inf 1 180 inf 2 900 7200 3 30 inf 4 300 400 5 10 inf 6 20 inf 7 30 inf 8 400 600 9 10 300 10 20 300 11 30 300 16 900 1080 17 10 inf 18 20 inf 19 30 inf 20 3600 3900 21 10 inf 22 20 inf 23 30 inf 24 1500 1680 25 10 300 26 20 300 27 30 300 28 600 720 29 180 inf 30 600 7200 31 60 inf 32 60 inf 33 60 inf 34 0 inf
23 0 0 inf 1 180 inf 2 900 7200 3 30 inf 4 300 400 5 10 inf 6 20 inf 7 30 inf 8 400 600 9 10 300 10 20 300 11 30 300 20 3600 3900 21 10 300 22 20 300 23 30 300 28 600 720 29 180 inf 30 600 7200 31 60 inf 32 60 inf 33 60 inf 34 0 inf
23 0 0 inf 1 180 inf 2 900 7200 3 30 inf 4 300 400 5 10 inf 6 20 inf 7 30 inf 8 400 600 9 10 300 10 20 300 11 30 300 20 3600 3900 21 10 300 22 20 300 23 30 300 28 600 720 29 180 inf 30 600 7200 31 60 inf 32 60 inf 33 60 inf 34 0 inf
31 0 0 inf 1 180 inf 2 900 7200 3 30 inf 4 300 400 5 10 inf 6 20 inf 7 30 inf 8 400 600 9 10 300 10 20 300 11 30 300 16 900 1080 17 10 inf 18 20 inf 19 30 inf 20 600 660 21 10 inf 22 20 inf 23 30 inf 24 2500 2760 25 10 300 26 20 300 27 30 300 28 600 720 29 180 inf 30 600 7200 31 60 inf 32 60 inf 33 60 inf 34 0 inf
31 0 0 inf 1 180 inf 2 900 7200 3 30 inf 4 300 400 5 10 inf 6 20 inf 7 30 inf 8 400 600 9 10 300 10 20 300 11 30 300 12 900 1080 13 10 inf 14 20 inf 15 30 inf 20 3600 3900 21 10 inf 22 20 inf 23 30 inf 24 1500 1680 25 10 300 26 20 300 27 30 300 28 600 720 29 180 inf 30 600 7200 31 60 inf 32 60 inf 33 60 inf 34 0 inf
31 0 0 inf 1 180 inf 2 900 7200 3 30 inf 4 300 400 5 10 inf 6 20 inf 7 30 inf 8 400 600 9 10 300 10 20 300 11 30 300 12 900 1080 13 10 inf 14 20 inf 15 30 inf 20 3600 3900 21 10 inf 22 20 inf 23 30 inf 24 1500 1680 25 10 300 26 20 300 27 30 300 28 600 720 29 180 inf 30 600 7200 31 60 inf 32 60 inf 33 60 inf 34 0 inf
31 0 0 inf 1 180 inf 2 900 7200 3 30 inf 4 300 400 5 10 inf 6 20 inf 7 30 inf 8 400 600 9 10 300 10 20 300 11 30 300 12 900 1080 13 10 inf 14 20 inf 15 30 inf 20 3600 3900 21 10 inf 22 20 inf 23 30 inf 24 1500 1680 25 10 300 26 20 300 27 30 300 28 600 720 29 180 inf 30 600 7200 31 60 inf 32 60 inf 33 60 inf 34 0 inf
31 0 0 inf 1 180 inf 2 900 7200 3 30 inf 4 300 400 5 10 inf 6 20 inf 7 30 inf 8 400 600 9 10 300 10 20 300 11 30 300 12 900 1080 13 10 inf 14 20 inf 15 30 inf 20 3600 3900 21 10 inf 22 20 inf 23 30 inf 24 1500 1680 25 10 300 26 20 300 27 30 300 28 600 720 29 180 inf 30 600 7200 31 60 inf 32 60 inf 33 60 inf 34 0 inf
27 0 0 inf 1 180 inf 2 900 7200 3 30 inf 4 300 400 5 10 inf 6 20 inf 7 30 inf 8 400 600 9 10 300 10 20 300 11 30 300 20 3600 3900 21 10 inf 22 20 inf 23 30 inf 24 1500 1680 25 10 300 26 20 300 27 30 300 28 600 720 29 180 inf 30 600 7200 31 60 inf 32 60 inf 33 60 inf 34 0 inf
27 0 0 inf 1 180 inf 2 900 7200 3 30 inf 4 300 400 5 10 inf 6 20 inf 7 30 inf 8 400 600 9 10 300 10 20 300 11 30 300 20 3600 3900 21 10 inf 22 20 inf 23 30 inf 24 1500 1680 25 10 300 26 20 300 27 30 300 28 600 720 29 180 inf 30 600 7200 31 60 inf 32 60 inf 33 60 inf 34 0 inf
31 0 0 inf 1 180 inf 2 900 7200 3 30 inf 4 300 400 5 10 inf 6 20 inf 7 30 inf 8 400 600 9 10 300 10 20 300 11 30 300 16 900 1080 17 10 inf 18 20 inf 19 30 inf 20 3600 3900 21 10 inf 22 20 inf 23 30 inf 24 1500 1680 25 10 300 26 20 300 27 30 300 28 600 720 29 180 inf 30 600 7200 31 60 inf 32 60 inf 33 60 inf 34 0 inf
23 0 0 inf 1 180 inf 2 900 7200 3 30 inf 4 300 400 5 10 inf 6 20 inf 7 30 inf 8 400 600 9 10 300 10 20 300 11 30 300 20 3600 3900 21 10 300 22 20 300 23 30 300 28 600 720 29 180 inf 30 600 7200 31 60 inf 32 60 inf 33 60 inf 34 0 inf
23 0 0 inf 1 180 inf 2 900 7200 3 30 inf 4 300 400 5 10 inf 6 20 inf 7 30 inf 8 400 600 9 10 300 10 20 300 11 30 300 20 3600 3900 21 10 300 22 20 300 23 30 300 28 600 720 29 180 inf 30 600 7200 31 60 inf 32 60 inf 33 60 inf 34 0 inf
31 0 0 inf 1 180 inf 2 900 7200 3 30 inf 4 300 400 5 10 inf 6 20 inf 7 30 inf 8 400 600 9 10 300 10 20 300 11 30 300 16 900 1080 17 10 inf 18 20 inf 19 30 inf 20 600 660 21 10 inf 22 20 inf 23 30 inf 24 2500 2760 25 10 300 26 20 300 27 30 300 28 600 720 29 180 inf 30 600 7200 31 60 inf 32 60 inf 33 60 inf 34 0 inf
31 0 0 inf 1 180 inf 2 900 7200 3 30 inf 4 300 400 5 10 inf 6 20 inf 7 30 inf 8 400 600 9 10 300 10 20 300 11 30 300 12 900 1080 13 10 inf 14 20 inf 15 30 inf 20 3600 3900 21 10 inf 22 20 inf 23 30 inf 24 1500 1680 25 10 300 26 20 300 27 30 300 28 600 720 29 180 inf 30 600 7200 31 60 inf 32 60 inf 33 60 inf 34 0 inf
31 0 0 inf 1 180 inf 2 900 7200 3 30 inf 4 300 400 5 10 inf 6 20 inf 7 30 inf 8 400 600 9 10 300 10 20 300 11 30 300 12 900 1080 13 10 inf 14 20 inf 15 30 inf 20 3600 3900 21 10 inf 22 20 inf 23 30 inf 24 1500 1680 25 10 300 26 20 300 27 30 300 28 600 720 29 180 inf 30 600 7200 31 60 inf 32 60 inf 33 60 inf 34 0 inf
31 0 0 inf 1 180 inf 2 900 7200 3 30 inf 4 300 400 5 10 inf 6 20 inf 7 30 inf 8 400 600 9 10 300 10 20 300 11 30 300 12 900 1080 13 10 inf 14 20 inf 15 30 inf 20 3600 3900 21 10 inf 22 20 inf 23 30 inf 24 1500 1680 25 10 300 26 20 300 27 30 300 28 600 720 29 180 inf 30 600 7200 31 60 inf 32 60 inf 33 60 inf 34 0 inf
31 0 0 inf 1 180 inf 2 900 7200 3 30 inf 4 300 400 5 10 inf 6 20 inf 7 30 inf 8 400 600 9 10 300 10 20 300 11 30 300 12 900 1080 13 10 inf 14 20 inf 15 30 inf 20 3600 3900 21 10 inf 22 20 inf 23 30 inf 24 1500 1680 25 10 300 26 20 300 27 30 300 28 600 720 29 180 inf 30 600 7200 31 60 inf 32 60 inf 33 60 inf 34 0 inf
27 0 0 inf 1 180 inf 2 900 7200 3 30 inf 4 300 400 5 10 inf 6 20 inf 7 30 inf 8 400 600 9 10 300 10 20 300 11 30 300 20 3600 3900 21 10 inf 22 20 inf 23 30 inf 24 1500 1680 25 10 300 26 20 300 27 30 300 28 600 720 29 180 inf 30 600 7200 31 60 inf 32 60 inf 33 60 inf 34 0 inf
27 0 0 inf 1 180 inf 2 900 7200 3 30 inf 4 300 400 5 10 inf 6 20 inf 7 30 inf 8 400 600 9 10 300 10 20 300 11 30 300 20 3600 3900 21 10 inf 22 20 inf 23 30 inf 24 1500 1680 25 10 300 26 20 300 27 30 300 28 600 720 29 180 inf 30 600 7200 31 60 inf 32 60 inf 33 60 inf 34 0 inf
31 0 0 inf 1 180 inf 2 900 7200 3 30 inf 4 300 400 5 10 inf 6 20 inf 7 30 inf 8 400 600 9 10 300 10 20 300 11 30 300 16 900 1080 17 10 inf 18 20 inf 19 30 inf 20 3600 3900 21 10 inf 22 20 inf 23 30 inf 24 1500 1680 25 10 300 26 20 300 27 30 300 28 600 720 29 180 inf 30 600 7200 31 60 inf 32 60 inf 33 60 inf 34 0 inf
23 0 0 inf 1 180 inf 2 900 7200 3 30 inf 4 300 400 5 10 inf 6 20 inf 7 30 inf 8 400 600 9 10 300 10 20 300 11 30 300 20 3600 3900 21 10 300 22 20 300 23 30 300 28 600 720 29 180 inf 30 600 7200 31 60 inf 32 60 inf 33 60 inf 34 0 inf
23 0 0 inf 1 180 inf 2 900 7200 3 30 inf 4 300 400 5 10 inf 6 20 inf 7 30 inf 8 400 600 9 10 300 10 20 300 11 30 300 20 3600 3900 21 10 300 22 20 300 23 30 300 28 600 720 29 180 inf 30 600 7200 31 60 inf 32 60 inf 33 60 inf 34 0 inf
31 0 0 inf 1 180 inf 2 900 7200 3 30 inf 4 300 400 5 10 inf 6 20 inf 7 30 inf 8 400 600 9 10 300 10 20 300 11 30 300 16 900 1080 17 10 inf 18 20 inf 19 30 inf 20 600 660 21 10 inf 22 20 inf 23 30 inf 24 2500 2760 25 10 300 26 20 300 27 30 300 28 600 720 29 180 inf 30 600 7200 31 60 inf 32 60 inf 33 60 inf 34 0 inf
31 0 0 inf 1 180 inf 2 900 7200 3 30 inf 4 300 400 5 10 inf 6 20 inf 7 30 inf 8 400 600 9 10 300 10 20 300 11 30 300 12 900 1080 13 10 inf 14 20 inf 15 30 inf 20 3600 3900 21 10 inf 22 20 inf 23 30 inf 24 1500 1680 25 10 300 26 20 300 27 30 300 28 600 720 29 180 inf 30 600 7200 31 60 inf 32 60 inf 33 60 inf 34 0 inf
31 0 0 inf 1 180 inf 2 900 7200 3 30 inf 4 300 400 5 10 inf 6 20 inf 7 30 inf 8 400 600 9 10 300 10 20 300 11 30 300 12 900 1080 13 10 inf 14 20 inf 15 30 inf 20 3600 3900 21 10 inf 22 20 inf 23 30 inf 24 1500 1680 25 10 300 26 20 300 27 30 300 28 600 720 29 180 inf 30 600 7200 31 60 inf 32 60 inf 33 60 inf 34 0 inf
31 0 0 inf 1 180 inf 2 900 7200 3 30 inf 4 300 400 5 10 inf 6 20 inf 7 30 inf 8 400 600 9 10 300 10 20 300 11 30 300 12 900 1080 13 10 inf 14 20 inf 15 30 inf 20 3600 3900 21 10 inf 22 20 inf 23 30 inf 24 1500 1680 25 10 300 26 20 300 27 30 300 28 600 720 29 180 inf 30 600 7200 31 60 inf 32 60 inf 33 60 inf 34 0 inf
31 0 0 inf 1 180 inf 2 900 7200 3 30 inf 4 300 400 5 10 inf 6 20 inf 7 30 inf 8 400 600 9 10 300 10 20 300 11 30 300 12 900 1080 13 10 inf 14 20 inf 15 30 inf 20 3600 3900 21 10 inf 22 20 inf 23 30 inf 24 1500 1680 25 10 300 26 20 300 27 30 300 28 600 720 29 180 inf 30 600 7200 31 60 inf 32 60 inf 33 60 inf 34 0 inf
27 0 0 inf 1 180 inf 2 900 7200 3 30 inf 4 300 400 5 10 inf 6 20 inf 7 30 inf 8 400 600 9 10 300 10 20 300 11 30 300 20 3600 3900 21 10 inf 22 20 inf 23 30 inf 24 1500 1680 25 10 300 26 20 300 27 30 300 28 600 720 29 180 inf 30 600 7200 31 60 inf 32 60 inf 33 60 inf 34 0 inf
27 0 0 inf 1 180 inf 2 900 7200 3 30 inf 4 300 400 5 10 inf 6 20 inf 7 30 inf 8 400 600 9 10 300 10 20 300 11 30 300 20 3600 3900 21 10 inf 22 20 inf 23 30 inf 24 1500 1680 25 10 300 26 20 300 27 30 300 28 600 720 29 180 inf 30 600 7200 31 60 inf 32 60 inf 33 60 inf 34 0 inf
31 0 0 inf 1 180 inf 2 900 7200 3 30 inf 4 300 400 5 10 inf 6 20 inf 7 30 inf 8 400 600 9 10 300 10 20 300 11 30 300 16 900 1080 17 10 inf 18 20 inf 19 30 inf 20 3600 3900 21 10 inf 22 20 inf 23 30 inf 24 1500 1680 25 10 300 26 20 300 27 30 300 28 600 720 29 180 inf 30 600 7200 31 60 inf 32 60 inf 33 60 inf 34 0 inf
23 0 0 inf 1 180 inf 2 900 7200 3 30 inf 4 300 400 5 10 inf 6 20 inf 7 30 inf 8 400 600 9 10 300 10 20 300 11 30 300 20 3600 3900 21 10 300 22 20 300 23 30 300 28 600 720 29 180 inf 30 600 7200 31 60 inf 32 60 inf 33 60 inf 34 0 inf
23 0 0 inf 1 180 inf 2 900 7200 3 30 inf 4 300 400 5 10 inf 6 20 inf 7 30 inf 8 400 600 9 10 300 10 20 300 11 30 300 20 3600 3900 21 10 300 22 20 300 23 30 300 28 600 720 29 180 inf 30 600 7200 31 60 inf 32 60 inf 33 60 inf 34 0 inf
31 0 0 inf 1 180 inf 2 900 7200 3 30 inf 4 300 400 5 10 inf 6 20 inf 7 30 inf 8 400 600 9 10 300 10 20 300 11 30 300 16 900 1080 17 10 inf 18 20 inf 19 30 inf 20 600 660 21 10 inf 22 20 inf 23 30 inf 24 2500 2760 25 10 300 26 20 300 27 30 300 28 600 720 29 180 inf 30 600 7200 31 60 inf 32 60 inf 33 60 inf 34 0 inf
31 0 0 inf 1 180 inf 2 900 7200 3 30 inf 4 300 400 5 10 inf 6 20 inf 7 30 inf 8 400 600 9 10 300 10 20 300 11 30 300 12 900 1080 13 10 inf 14 20 inf 15 30 inf 20 3600 3900 21 10 inf 22 20 inf 23 30 inf 24 1500 1680 25 10 300 26 20 300 27 30 300 28 600 720 29 180 inf 30 600 7200 31 60 inf 32 60 inf 33 60 inf 34 0 inf
31 0 0 inf 1 180 inf 2 900 7200 3 30 inf 4 300 400 5 10 inf 6 20 inf 7 30 inf 8 400 600 9 10 300 10 20 300 11 30 300 12 900 1080 13 10 inf 14 20 inf 15 30 inf 20 3600 3900 21 10 inf 22 20 inf 23 30 inf 24 1500 1680 25 10 300 26 20 300 27 30 300 28 600 720 29 180 inf 30 600 7200 31 60 inf 32 60 inf 33 60 inf 34 0 inf
31 0 0 inf 1 180 inf 2 900 7200 3 30 inf 4 300 400 5 10 inf 6 20 inf 7 30 inf 8 400 600 9 10 300 10 20 300 11 30 300 12 900 1080 13 10 inf 14 20 inf 15 30 inf 20 3600 3900 21 10 inf 22 20 inf 23 30 inf 24 1500 1680 25 10 300 26 20 300 27 30 300 28 600 720 29 180 inf 30 600 7200 31 60 inf 32 60 inf 33 60 inf 34 0 inf
31 0 0 inf 1 180 inf 2 900 7200 3 30 inf 4 300 400 5 10 inf 6 20 inf 7 30 inf 8 400 600 9 10 300 10 20 300 11 30 300 12 900 1080 13 10 inf 14 20 inf 15 30 inf 20 3600 3900 21 10 inf 22 20 inf 23 30 inf 24 1500 1680 25 10 300 26 20 300 27 30 300 28 600 720 29 180 inf 30 600 7200 31 60 inf 32 60 inf 33 60 inf 34 0 inf
27 0 0 inf 1 180 inf 2 900 7200 3 30 inf 4 300 400 5 10 inf 6 20 inf 7 30 inf 8 400 600 9 10 300 10 20 300 11 30 300 20 3600 3900 21 10 inf 22 20 inf 23 30 inf 24 1500 1680 25 10 300 26 20 300 27 30 300 28 600 720 29 180 inf 30 600 7200 31 60 inf 32 60 inf 33 60 inf 34 0 inf
27 0 0 inf 1 180 inf 2 900 7200 3 30 inf 4 300 400 5 10 inf 6 20 inf 7 30 inf 8 400 600 9 10 300 10 20 300 11 30 300 20 3600 3900 21 10 inf 22 20 inf 23 30 inf 24 1500 1680 25 10 300 26 20 300 27 30 300 28 600 720 29 180 inf 30 600 7200 31 60 inf 32 60 inf 33 60 inf 34 0 inf
31 0 0 inf 1 180 inf 2 900 7200 3 30 inf 4 300 400 5 10 inf 6 20 inf 7 30 inf 8 400 600 9 10 300 10 20 300 11 30 300 16 900 1080 17 10 inf 18 20 inf 19 30 inf 20 3600 3900 21 10 inf 22 20 inf 23 30 inf 24 1500 1680 25 10 300 26 20 300 27 30 300 28 600 720 29 180 inf 30 600 7200 31 60 inf 32 60 inf 33 60 inf 34 0 inf
23 0 0 inf 1 180 inf 2 900 7200 3 30 inf 4 300 400 5 10 inf 6 20 inf 7 30 inf 8 400 600 9 10 300 10 20 300 11 30 300 20 3600 3900 21 10 300 22 20 300 23 30 300 28 600 720 29 180 inf 30 600 7200 31 60 inf 32 60 inf 33 60 inf 34 0 inf
23 0 0 inf 1 180 inf 2 900 7200 3 30 inf 4 300 400 5 10 inf 6 20 inf 7 30 inf 8 400 600 9 10 300 10 20 300 11 30 300 20 3600 3900 21 10 300 22 20 300 23 30 300 28 600 720 29 180 inf 30 600 7200 31 60 inf 32 60 inf 33 60 inf 34 0 inf
31 0 0 inf 1 180 inf 2 900 7200 3 30 inf 4 300 400 5 10 inf 6 20 inf 7 30 inf 8 400 600 9 10 300 10 20 300 11 30 300 16 900 1080 17 10 inf 18 20 inf 19 30 inf 20 600 660 21 10 inf 22 20 inf 23 30 inf 24 2500 2760 25 10 300 26 20 300 27 30 300 28 600 720 29 180 inf 30 600 7200 31 60 inf 32 60 inf 33 60 inf 34 0 inf
31 0 0 inf 1 180 inf 2 900 7200 3 30 inf 4 300 400 5 10 inf 6 20 inf 7 30 inf 8 400 600 9 10 300 10 20 300 11 30 300 12 900 1080 13 10 inf 14 20 inf 15 30 inf 20 3600 3900 21 10 inf 22 20 inf 23 30 inf 24 1500 1680 25 10 300 26 20 300 27 30 300 28 600 720 29 180 inf 30 600 7200 31 60 inf 32 60 inf 33 60 inf 34 0 inf
31 0 0 inf 1 180 inf 2 900 7200 3 30 inf 4 300 400 5 10 inf 6 20 inf 7 30 inf 8 400 600 9 10 300 10 20 300 11 30 300 12 900 1080 13 10 inf 14 20 inf 15 30 inf 20 3600 3900 21 10 inf 22 20 inf 23 30 inf 24 1500 1680 25 10 300 26 20 300 27 30 300 28 600 720 29 180 inf 30 600 7200 31 60 inf 32 60 inf 33 60 inf 34 0 inf
31 0 0 inf 1 180 inf 2 900 7200 3 30 inf 4 300 400 5 10 inf 6 20 inf 7 30 inf 8 400 600 9 10 300 10 20 300 11 30 300 12 900 1080 13 10 inf 14 20 inf 15 30 inf 20 3600 3900 21 10 inf 22 20 inf 23 30 inf 24 1500 1680 25 10 300 26 20 300 27 30 300 28 600 720 29 180 inf 30 600 7200 31 60 inf 32 60 inf 33 60 inf 34 0 inf
31 0 0 inf 1 180 inf 2 900 7200 3 30 inf 4 300 400 5 10 inf 6 20 inf 7 30 inf 8 400 600 9 10 300 10 20 300 11 30 300 12 900 1080 13 10 inf 14 20 inf 15 30 inf 20 3600 3900 21 10 inf 22 20 inf 23 30 inf 24 1500 1680 25 10 300 26 20 300 27 30 300 28 600 720 29 180 inf 30 600 7200 31 60 inf 32 60 inf 33 60 inf 34 0 inf
27 0 0 inf 1 180 inf 2 900 7200 3 30 inf 4 300 400 5 10 inf 6 20 inf 7 30 inf 8 400 600 9 10 300 10 20 300 11 30 300 20 3600 3900 21 10 inf 22 20 inf 23 30 inf 24 1500 1680 25 10 300 26 20 300 27 30 300 28 600 720 29 180 inf 30 600 7200 31 60 inf 32 60 inf 33 60 inf 34 0 inf
27 0 0 inf 1 180 inf 2 900 7200 3 30 inf 4 300 400 5 10 inf 6 20 inf 7 30 inf 8 400 600 9 10 300 10 20 300 11 30 300 20 3600 3900 21 10 inf 22 20 inf 23 30 inf 24 1500 1680 25 10 300 26 20 300 27 30 300 28 600 720 29 180 inf 30 600 7200 31 60 inf 32 60 inf 33 60 inf 34 0 inf
31 0 0 inf 1 180 inf 2 900 7200 3 30 inf 4 300 400 5 10 inf 6 20 inf 7 30 inf 8 400 600 9 10 300 10 20 300 11 30 300 16 900 1080 17 10 inf 18 20 inf 19 30 inf 20 3600 3900 21 10 inf 22 20 inf 23 30 inf 24 1500 1680 25 10 300 26 20 300 27 30 300 28 600 720 29 180 inf 30 600 7200 31 60 inf 32 60 inf 33 60 inf 34 0 inf
23 0 0 inf 1 180 inf 2 900 7200 3 30 inf 4 300 400 5 10 inf 6 20 inf 7 30 inf 8 400 600 9 10 300 10 20 300 11 30 300 20 3600 3900 21 10 300 22 20 300 23 30 300 28 600 720 29 180 inf 30 600 7200 31 60 inf 32 60 inf 33 60 inf 34 0 inf
23 0 0 inf 1 180 inf 2 900 7200 3 30 inf 4 300 400 5 10 inf 6 20 inf 7 30 inf 8 400 600 9 10 300 10 20 300 11 30 300 20 3600 3900 21 10 300 22 20 300 23 30 300 28 600 720 29 180 inf 30 600 7200 31 60 inf 32 60 inf 33 60 inf 34 0 inf
31 0 0 inf 1 180 inf 2 900 7200 3 30 inf 4 300 400 5 10 inf 6 20 inf 7 30 inf 8 400 600 9 10 300 10 20 300 11 30 300 16 900 1080 17 10 inf 18 20 inf 19 30 inf 20 600 660 21 10 inf 22 20 inf 23 30 inf 24 2500 2760 25 10 300 26 20 300 27 30 300 28 600 720 29 180 inf 30 600 7200 31 60 inf 32 60 inf 33 60 inf 34 0 inf
